date,site_id,station_name,state,airtemp_observed,airtemp_min,airtemp_max,airtemp_mean,relative_humidity,relative_humidity_min,relative_humidity_max,relative_humidity_mean,soiltemp_2in_obs,soiltemp_8in_observed,soiltemp_20in_observed,soiltemp_2in_min,soiltemp_8in_min,soiltemp_20in_min,soiltemp_2in_max,soiltemp_8in_max,soiltemp_20in_max,soiltemp_2in_avg,soiltemp_8in_avg,soiltemp_20in_avg,totalprecip,SWE,SWE_change,SWE_max,snow_depth,snow_depth_change,wind_speed_max,wind_speed_avg,wind_direction_avg,solar_radiation,solar_radiation_min,solar_radiation_max,solar_radiation_avg
12/15/2022,394,Chamita,New Mexico,9.3,7,24.1,16.7,,,,,,,,,,,,,,,,,2.9,1.1,0,,4,0,,,,,,,
12/16/2022,394,Chamita,New Mexico,14.4,-1.5,20.5,9.5,,,,,,,,,,,,,,,,,2.9,1.2,0.1,,5,1,,,,,,,
12/17/2022,394,Chamita,New Mexico,2.5,1,25.5,12,,,,,,,,,,,,,,,,,2.9,1.2,0,,6,1,,,,,,,
12/18/2022,394,Chamita,New Mexico,11.1,8.4,36.7,21.4,,,,,,,,,,,,,,,,,2.9,1.2,0,,6,0,,,,,,,
12/19/2022,394,Chamita,New Mexico,14.2,9,34.7,19,,,,,,,,,,,,,,,,,2.9,1.2,0,,6,0,,,,,,,
12/20/2022,394,Chamita,New Mexico,14.2,11.8,37.4,23.9,,,,,,,,,,,,,,,,,2.9,1.2,0,,6,0,,,,,,,
12/21/2022,394,Chamita,New Mexico,24.6,13.8,36.7,25.5,,,,,,,,,,,,,,,,,2.9,1.2,0,,5,-1,,,,,,,
12/22/2022,394,Chamita,New Mexico,18.1,16.3,35.6,25.2,,,,,,,,,,,,,,,,,2.9,1.2,0,,5,0,,,,,,,
12/23/2022,394,Chamita,New Mexico,22.1,18,39.4,26.4,,,,,,,,,,,,,,,,,2.9,1.2,0,,5,0,,,,,,,
12/24/2022,394,Chamita,New Mexico,20.5,16.3,44.2,27.7,,,,,,,,,,,,,,,,,2.9,1.2,0,,5,0,,,,,,,
12/25/2022,394,Chamita,New Mexico,23.2,20.1,45.7,29.3,,,,,,,,,,,,,,,,,2.9,1.3,0.1,,6,1,,,,,,,
12/26/2022,394,Chamita,New Mexico,25,21.2,43.3,31.1,,,,,,,,,,,,,,,,,2.9,1.3,0,,5,-1,,,,,,,
12/27/2022,394,Chamita,New Mexico,28.8,25.7,45.7,35.2,,,,,,,,,,,,,,,,,2.9,1.3,0,,5,0,,,,,,,
12/28/2022,394,Chamita,New Mexico,33.3,22.6,35.1,30.6,,,,,,,,,,,,,,,,,3.1,1.5,0.2,,6,1,,,,,,,
12/29/2022,394,Chamita,New Mexico,24.6,10.9,29.8,21,,,,,,,,,,,,,,,,,3.9,2.4,0.9,,15,9,,,,,,,
12/30/2022,394,Chamita,New Mexico,18.5,18.5,29.7,25.3,,,,,,,,,,,,,,,,,4.1,2.6,0.2,,16,1,,,,,,,
12/31/2022,394,Chamita,New Mexico,26.6,26.4,36,31.8,,,,,,,,,,,,,,,,,4.2,2.8,0.2,,16,0,,,,,,,
1/1/2023,394,Chamita,New Mexico,32.9,31.5,37.2,33.8,,,,,,,,,,,,,,,,,4.4,3,0.2,,16,0,,,,,,,
1/2/2023,394,Chamita,New Mexico,32.2,24.4,32.2,27.1,,,,,,,,,,,,,,,,,4.9,3.6,0.6,,19,3,,,,,,,
1/3/2023,394,Chamita,New Mexico,24.8,20.5,27.1,23.5,,,,,,,,,,,,,,,,,5.1,3.8,0.2,,22,3,,,,,,,
1/4/2023,394,Chamita,New Mexico,20.5,10,26.2,19.8,,,,,,,,,,,,,,,,,5.3,4,0.2,,23,1,,,,,,,
1/5/2023,394,Chamita,New Mexico,11.8,8.1,36.5,22.1,,,,,,,,,,,,,,,,,5.3,4,0,,22,-1,,,,,,,
1/6/2023,394,Chamita,New Mexico,25.2,15.6,32.9,27.7,,,,,,,,,,,,,,,,,5.3,4,0,,21,-1,,,,,,,
1/7/2023,394,Chamita,New Mexico,19,12.7,36.7,21.4,,,,,,,,,,,,,,,,,5.5,4.2,0.2,,22,1,,,,,,,
1/8/2023,394,Chamita,New Mexico,16.3,13.5,38.7,22.6,,,,,,,,,,,,,,,,,5.5,4.2,0,,21,-1,,,,,,,
1/9/2023,394,Chamita,New Mexico,18.1,16.5,40.8,26.8,,,,,,,,,,,,,,,,,5.5,4.2,0,,20,-1,,,,,,,
1/10/2023,394,Chamita,New Mexico,29.8,27.9,40.8,31.8,,,,,,,,,,,,,,,,,5.5,4.3,0.1,,20,0,,,,,,,
1/11/2023,394,Chamita,New Mexico,30.4,12.6,35.1,25.9,,,,,,,,,,,,,,,,,5.5,4.3,0,,19,-1,,,,,,,
1/12/2023,394,Chamita,New Mexico,13.1,9.5,32.7,20.7,,,,,,,,,,,,,,,,,5.7,4.5,0.2,,21,2,,,,,,,
1/13/2023,394,Chamita,New Mexico,20.3,19.4,46.4,28.4,,,,,,,,,,,,,,,,,5.7,4.5,0,,21,0,,,,,,,
1/14/2023,394,Chamita,New Mexico,25.9,25.2,46.4,33.8,,,,,,,,,,,,,,,,,5.7,4.6,0.1,,20,-1,,,,,,,
1/15/2023,394,Chamita,New Mexico,31.8,25.3,31.8,28.9,,,,,,,,,,,,,,,,,5.8,4.7,0.1,,20,0,,,,,,,
1/16/2023,394,Chamita,New Mexico,25.5,23.5,32.4,27.1,,,,,,,,,,,,,,,,,6.7,5.7,1,,29,9,,,,,,,
1/17/2023,394,Chamita,New Mexico,29.5,20.7,35.1,27.7,,,,,,,,,,,,,,,,,7.1,6.1,0.4,,32,3,,,,,,,
1/18/2023,394,Chamita,New Mexico,20.7,19,27.1,22.6,,,,,,,,,,,,,,,,,7.6,6.7,0.6,,37,5,,,,,,,
1/19/2023,394,Chamita,New Mexico,19,7.5,30.9,17.1,,,,,,,,,,,,,,,,,8.1,7.1,0.4,,40,3,,,,,,,
1/20/2023,394,Chamita,New Mexico,16.2,14,31.8,20.8,,,,,,,,,,,,,,,,,8.1,7.1,0,,35,-5,,,,,,,
1/21/2023,394,Chamita,New Mexico,15.8,4.8,26.4,17.1,,,,,,,,,,,,,,,,,8.2,7.3,0.2,,36,1,,,,,,,
1/22/2023,394,Chamita,New Mexico,15.4,-1.7,28.9,16.5,,,,,,,,,,,,,,,,,8.2,7.3,0,,34,-2,,,,,,,
1/23/2023,394,Chamita,New Mexico,23.4,11.3,28.8,23,,,,,,,,,,,,,,,,,8.2,7.4,0.1,,34,0,,,,,,,
1/24/2023,394,Chamita,New Mexico,11.8,7.5,26.4,16.9,,,,,,,,,,,,,,,,,8.2,7.4,0,,33,-1,,,,,,,
1/25/2023,394,Chamita,New Mexico,10.4,-2,26.1,11.3,,,,,,,,,,,,,,,,,8.2,7.4,0,,32,-1,,,,,,,
1/26/2023,394,Chamita,New Mexico,1.8,-4.5,24.8,8.4,,,,,,,,,,,,,,,,,8.2,7.4,0,,32,0,,,,,,,
1/27/2023,394,Chamita,New Mexico,3.9,-0.4,29.7,14,,,,,,,,,,,,,,,,,8.2,7.4,0,,31,-1,,,,,,,
1/28/2023,394,Chamita,New Mexico,12.6,12.6,32.2,20.5,,,,,,,,,,,,,,,,,8.2,7.4,0,,30,-1,,,,,,,
1/29/2023,394,Chamita,New Mexico,14.5,11.5,36.5,21.9,,,,,,,,,,,,,,,,,8.2,7.5,0.1,,30,0,,,,,,,
1/30/2023,394,Chamita,New Mexico,21.6,16.5,36.3,25.5,,,,,,,,,,,,,,,,,8.2,7.5,0,,30,0,,,,,,,
1/31/2023,394,Chamita,New Mexico,19.6,8.8,36,24.1,,,,,,,,,,,,,,,,,8.2,7.5,0,,30,0,,,,,,,
2/1/2023,394,Chamita,New Mexico,12.2,7.3,33.1,18.5,,,,,,,,,,,,,,,,,8.2,7.5,0,,29,-1,,,,,,,
2/2/2023,394,Chamita,New Mexico,14.2,8.1,40.1,22.5,,,,,,,,,,,,,,,,,8.2,7.5,0,,29,0,,,,,,,
2/3/2023,394,Chamita,New Mexico,18.7,16,40.3,26.2,,,,,,,,,,,,,,,,,8.2,7.5,0,,28,-1,,,,,,,
2/4/2023,394,Chamita,New Mexico,23.9,18.1,43.2,28.2,,,,,,,,,,,,,,,,,8.2,7.5,0,,28,0,,,,,,,
2/5/2023,394,Chamita,New Mexico,21.2,19.9,44.4,30.7,,,,,,,,,,,,,,,,,8.2,7.5,0,,28,0,,,,,,,
2/6/2023,394,Chamita,New Mexico,30.9,19.6,39,28,,,,,,,,,,,,,,,,,8.2,7.6,0.1,,28,0,,,,,,,
2/7/2023,394,Chamita,New Mexico,25.7,14.4,37.8,24.1,,,,,,,,,,,,,,,,,8.2,7.6,0,,28,0,,,,,,,
2/8/2023,394,Chamita,New Mexico,14.4,8.2,36.5,21.4,,,,,,,,,,,,,,,,,8.2,7.6,0,,28,0,,,,,,,
2/9/2023,394,Chamita,New Mexico,19,4.8,34.7,18.3,,,,,,,,,,,,,,,,,8.2,7.6,0,,28,0,,,,,,,
2/10/2023,394,Chamita,New Mexico,6.1,3.4,30.7,16.9,,,,,,,,,,,,,,,,,8.3,7.7,0.1,,30,2,,,,,,,
2/11/2023,394,Chamita,New Mexico,19.2,15.6,44.2,29.7,,,,,,,,,,,,,,,,,8.3,7.8,0.1,,29,-1,,,,,,,
2/12/2023,394,Chamita,New Mexico,29.3,22.6,47.1,31.3,,,,,,,,,,,,,,,,,8.3,7.8,0,,29,0,,,,,,,
2/13/2023,394,Chamita,New Mexico,26.2,25.7,49.6,34,,,,,,,,,,,,,,,,,8.3,7.8,0,,28,-1,,,,,,,
2/14/2023,394,Chamita,New Mexico,28,24.4,29.7,26.8,,,,,,,,,,,,,,,,,8.6,8.1,0.3,,30,2,,,,,,,
2/15/2023,394,Chamita,New Mexico,25.3,10.2,26.1,18,,,,,,,,,,,,,,,,,9.3,8.8,0.7,,36,6,,,,,,,
2/16/2023,394,Chamita,New Mexico,11.5,1.2,24.3,12.2,,,,,,,,,,,,,,,,,9.4,8.9,0.1,,36,0,,,,,,,
2/17/2023,394,Chamita,New Mexico,3.2,0,35.1,16.9,,,,,,,,,,,,,,,,,9.4,8.9,0,,36,0,,,,,,,
2/18/2023,394,Chamita,New Mexico,12.7,11.8,37.9,24.6,,,,,,,,,,,,,,,,,9.4,9,0.1,,35,-1,,,,,,,
2/19/2023,394,Chamita,New Mexico,22.5,21.6,41.2,30,,,,,,,,,,,,,,,,,9.4,9,0,,34,-1,,,,,,,
2/20/2023,394,Chamita,New Mexico,27.7,23.5,44.4,32,,,,,,,,,,,,,,,,,9.4,9,0,,33,-1,,,,,,,
2/21/2023,394,Chamita,New Mexico,26.6,20.3,43.5,32.2,,,,,,,,,,,,,,,,,9.4,9.1,0.1,,32,-1,,,,,,,
2/22/2023,394,Chamita,New Mexico,31.1,14.7,32.9,24.4,,,,,,,,,,,,,,,,,9.6,9.3,0.2,,33,1,,,,,,,
2/23/2023,394,Chamita,New Mexico,14.9,14.4,27.3,20.1,,,,,,,,,,,,,,,,,10.1,9.8,0.5,,39,6,,,,,,,
2/24/2023,394,Chamita,New Mexico,21.2,19.6,35.8,25.5,,,,,,,,,,,,,,,,,10.4,10.1,0.3,,41,2,,,,,,,
2/25/2023,394,Chamita,New Mexico,22.8,22.3,45.7,31.6,,,,,,,,,,,,,,,,,10.4,10.1,0,,38,-3,,,,,,,
2/26/2023,394,Chamita,New Mexico,26.4,13.6,42.1,27.7,,,,,,,,,,,,,,,,,10.5,10.2,0.1,,37,-1,,,,,,,
2/27/2023,394,Chamita,New Mexico,13.8,4.8,34.7,20.5,,,,,,,,,,,,,,,,,10.5,10.2,0,,37,0,,,,,,,
2/28/2023,394,Chamita,New Mexico,20.3,19.4,34.5,25.5,,,,,,,,,,,,,,,,,10.5,10.3,0.1,,37,0,,,,,,,
3/1/2023,394,Chamita,New Mexico,22.3,18.1,31.6,25.7,,,,,,,,,,,,,,,,,10.5,10.3,0,,36,-1,,,,,,,
3/2/2023,394,Chamita,New Mexico,25.3,15.3,38.7,26.4,,,,,,,,,,,,,,,,,10.7,10.5,0.2,,38,2,,,,,,,
3/3/2023,394,Chamita,New Mexico,17.2,14,38.7,25.5,,,,,,,,,,,,,,,,,10.8,10.6,0.1,,38,0,,,,,,,
3/4/2023,394,Chamita,New Mexico,18.1,12.4,38.7,27.3,,,,,,,,,,,,,,,,,10.8,10.6,0,,38,0,,,,,,,
3/5/2023,394,Chamita,New Mexico,33.3,19.4,43.3,32,,,,,,,,,,,,,,,,,10.9,10.6,0,,38,0,,,,,,,
3/6/2023,394,Chamita,New Mexico,29.1,23.5,48.7,35.1,,,,,,,,,,,,,,,,,10.9,10.6,0,,37,-1,,,,,,,
3/7/2023,394,Chamita,New Mexico,32.9,25.9,46.2,35.4,,,,,,,,,,,,,,,,,10.9,10.6,0,,36,-1,,,,,,,
3/8/2023,394,Chamita,New Mexico,25.9,23.7,49.8,36.9,,,,,,,,,,,,,,,,,10.9,10.6,0,,35,-1,,,,,,,
3/9/2023,394,Chamita,New Mexico,34.7,21.2,44.4,31.8,,,,,,,,,,,,,,,,,10.9,10.6,0,,35,0,,,,,,,
3/10/2023,394,Chamita,New Mexico,23.9,23.9,44.1,34,,,,,,,,,,,,,,,,,10.9,10.6,0,,34,-1,,,,,,,
3/11/2023,394,Chamita,New Mexico,36.1,33.8,43.7,36.1,,,,,,,,,,,,,,,,,11.3,11,0.4,,35,1,,,,,,,
3/12/2023,394,Chamita,New Mexico,33.8,30.4,41.7,34.2,,,,,,,,,,,,,,,,,11.6,11.5,0.5,,37,2,,,,,,,
3/13/2023,394,Chamita,New Mexico,32,28.8,43.3,34.3,,,,,,,,,,,,,,,,,11.8,11.5,0,,35,-2,,,,,,,
3/14/2023,394,Chamita,New Mexico,29.1,24.3,46.4,34.2,,,,,,,,,,,,,,,,,11.8,11.5,0,,34,-1,,,,,,,
3/15/2023,394,Chamita,New Mexico,33.4,33.4,41.7,35.2,,,,,,,,,,,,,,,,,11.9,11.5,0,,32,-2,,,,,,,
3/16/2023,394,Chamita,New Mexico,34.5,21.7,39.2,33.1,,,,,,,,,,,,,,,,,12.7,12.2,0.7,,37,5,,,,,,,
3/17/2023,394,Chamita,New Mexico,22.8,21.6,34.7,27.9,,,,,,,,,,,,,,,,,13,12.4,0.2,,38,1,,,,,,,
3/18/2023,394,Chamita,New Mexico,21.7,18.1,35.2,25.7,,,,,,,,,,,,,,,,,13.1,12.5,0.1,,38,0,,,,,,,
3/19/2023,394,Chamita,New Mexico,22.5,16.5,40.3,28.2,,,,,,,,,,,,,,,,,13.1,12.4,-0.1,,38,0,,,,,,,
3/20/2023,394,Chamita,New Mexico,26.6,26.1,36.3,30.9,,,,,,,,,,,,,,,,,13.1,12.5,0.1,,38,0,,,,,,,
3/21/2023,394,Chamita,New Mexico,30.4,29.5,35.4,32.5,,,,,,,,,,,,,,,,,13.8,13.2,0.7,,45,7,,,,,,,
3/22/2023,394,Chamita,New Mexico,34.9,27.7,43,34.7,,,,,,,,,,,,,,,,,14.9,14.4,1.2,,52,7,,,,,,,
3/23/2023,394,Chamita,New Mexico,27.9,16.9,40.8,28.8,,,,,,,,,,,,,,,,,15.2,14.6,0.2,,47,-5,,,,,,,
3/24/2023,394,Chamita,New Mexico,17.4,14.5,37.6,25.5,,,,,,,,,,,,,,,,,15.2,14.5,-0.1,,46,-1,,,,,,,
3/25/2023,394,Chamita,New Mexico,20.8,8.1,32,19.4,,,,,,,,,,,,,,,,,15.3,14.6,0.1,,48,2,,,,,,,
3/26/2023,394,Chamita,New Mexico,9.1,7.7,34.2,19.8,,,,,,,,,,,,,,,,,15.3,14.6,0,,47,-1,,,,,,,
3/27/2023,394,Chamita,New Mexico,21.7,6.1,31.5,20.8,,,,,,,,,,,,,,,,,15.3,14.6,0,,47,0,,,,,,,
3/28/2023,394,Chamita,New Mexico,7.9,4.8,40.6,24.6,,,,,,,,,,,,,,,,,15.4,14.4,-0.2,,47,0,,,,,,,
3/29/2023,394,Chamita,New Mexico,25.2,22.5,51.6,36.9,,,,,,,,,,,,,,,,,15.4,14.4,0,,46,-1,,,,,,,
3/30/2023,394,Chamita,New Mexico,31.6,24.3,50.9,34.9,,,,,,,,,,,,,,,,,15.4,14.3,-0.1,,44,-2,,,,,,,
3/31/2023,394,Chamita,New Mexico,24.6,21.2,38.5,28,,,,,,,,,,,,,,,,,15.5,14.4,0.1,,42,-2,,,,,,,
4/1/2023,394,Chamita,New Mexico,22.8,18.7,48.2,33.3,,,,,,,,,,,,,,,,,15.5,14.4,0,,44,2,,,,,,,
4/2/2023,394,Chamita,New Mexico,27.5,25.5,50.5,37.6,,,,,,,,,,,,,,,,,15.5,14.3,-0.1,,42,-2,,,,,,,
4/3/2023,394,Chamita,New Mexico,30,27,53.1,41.2,,,,,,,,,,,,,,,,,15.5,14.4,0.1,,41,-1,,,,,,,
4/4/2023,394,Chamita,New Mexico,37.9,18.7,37.9,23.4,,,,,,,,,,,,,,,,,15.6,14.4,0,,40,-1,,,,,,,
4/5/2023,394,Chamita,New Mexico,18.7,7.2,33.8,21,,,,,,,,,,,,,,,,,15.8,14.5,0.1,,42,2,,,,,,,
4/6/2023,394,Chamita,New Mexico,12.6,8.1,42.3,27,,,,,,,,,,,,,,,,,15.8,14.3,-0.2,,41,-1,,,,,,,
4/7/2023,394,Chamita,New Mexico,26.6,24.4,53.4,37.4,,,,,,,,,,,,,,,,,15.8,14,-0.3,,40,-1,,,,,,,
4/8/2023,394,Chamita,New Mexico,34.2,30.4,53.8,39.4,,,,,,,,,,,,,,,,,15.9,14.1,0.1,,39,-1,,,,,,,
4/9/2023,394,Chamita,New Mexico,31.1,28,55.4,40.5,,,,,,,,,,,,,,,,,15.9,14,-0.1,,38,-1,,,,,,,
4/10/2023,394,Chamita,New Mexico,34.2,30.7,57,42.6,,,,,,,,,,,,,,,,,15.9,13.7,-0.3,,36,-2,,,,,,,
4/11/2023,394,Chamita,New Mexico,36,34.7,63.1,46,,,,,,,,,,,,,,,,,15.9,13.3,-0.4,,36,0,,,,,,,
4/12/2023,394,Chamita,New Mexico,38.1,37,65.5,47.1,,,,,,,,,,,,,,,,,15.9,12.7,-0.6,,34,-2,,,,,,,
4/13/2023,394,Chamita,New Mexico,40.8,36,57.4,45.1,,,,,,,,,,,,,,,,,16,12.1,-0.6,,32,-2,,,,,,,
4/14/2023,394,Chamita,New Mexico,37.6,28.6,45.3,36,,,,,,,,,,,,,,,,,16,11.2,-0.9,,29,-3,,,,,,,
4/15/2023,394,Chamita,New Mexico,28.9,19.6,47.7,33.8,,,,,,,,,,,,,,,,,16,11,-0.2,,28,-1,,,,,,,
4/16/2023,394,Chamita,New Mexico,27.3,24.3,54.7,37.9,,,,,,,,,,,,,,,,,16.1,10.6,-0.4,,27,-1,,,,,,,
4/17/2023,394,Chamita,New Mexico,32.2,29.8,60.1,43.3,,,,,,,,,,,,,,,,,16.1,10.2,-0.4,,26,-1,,,,,,,
4/18/2023,394,Chamita,New Mexico,35.4,30.9,56.8,44.4,,,,,,,,,,,,,,,,,16.1,9.5,-0.7,,24,-2,,,,,,,
4/19/2023,394,Chamita,New Mexico,41.2,27,51.4,39.9,,,,,,,,,,,,,,,,,16.1,8.9,-0.6,,22,-2,,,,,,,
4/20/2023,394,Chamita,New Mexico,27.1,20.7,42.4,32.4,,,,,,,,,,,,,,,,,16.1,8.3,-0.6,,20,-2,,,,,,,
4/21/2023,394,Chamita,New Mexico,25.2,17.4,49.3,34.2,,,,,,,,,,,,,,,,,16.1,7.8,-0.5,,18,-2,,,,,,,
4/22/2023,394,Chamita,New Mexico,31.3,27.5,51.8,38.1,,,,,,,,,,,,,,,,,16.1,7.4,-0.4,,17,-1,,,,,,,
4/23/2023,394,Chamita,New Mexico,29.1,26.1,50.9,38.3,,,,,,,,,,,,,,,,,16.1,6.8,-0.6,,15,-2,,,,,,,
4/24/2023,394,Chamita,New Mexico,31.6,31.3,46,37,,,,,,,,,,,,,,,,,16.1,6.3,-0.5,,14,-1,,,,,,,
4/25/2023,394,Chamita,New Mexico,35.1,28.9,52,38.7,,,,,,,,,,,,,,,,,16.2,6.1,-0.2,,13,-1,,,,,,,
4/26/2023,394,Chamita,New Mexico,29.8,27,51.1,37.9,,,,,,,,,,,,,,,,,16.3,5.7,-0.4,,12,-1,,,,,,,
4/27/2023,394,Chamita,New Mexico,31.8,29.7,57.9,42.8,,,,,,,,,,,,,,,,,16.3,5.4,-0.3,,11,-1,,,,,,,
4/28/2023,394,Chamita,New Mexico,34.3,32.2,54.1,41.5,,,,,,,,,,,,,,,,,16.3,4.7,-0.7,,10,-1,,,,,,,
4/29/2023,394,Chamita,New Mexico,34,32.2,63.9,46.9,,,,,,,,,,,,,,,,,16.3,3.8,-0.9,,8,-2,,,,,,,
4/30/2023,394,Chamita,New Mexico,37.6,34,65.8,48.7,,,,,,,,,,,,,,,,,16.3,2.8,-1,,6,-2,,,,,,,
5/1/2023,394,Chamita,New Mexico,40.1,36.3,67.8,51.3,,,,,,,,,,,,,,,,,16.3,1.9,-0.9,,4,-2,,,,,,,
5/2/2023,394,Chamita,New Mexico,41.5,39.6,62.4,49.6,,,,,,,,,,,,,,,,,16.3,1,-0.9,,2,-2,,,,,,,
5/3/2023,394,Chamita,New Mexico,40.8,36.5,66.9,50.9,,,,,,,,,,,,,,,,,16.3,0,-1,,0,-2,,,,,,,
5/4/2023,394,Chamita,New Mexico,46.6,36.1,62.6,48.7,,,,,,,,,,,,,,,,,16.3,0,0,,0,0,,,,,,,
5/5/2023,394,Chamita,New Mexico,36.1,32,58.8,44.2,,,,,,,,,,,,,,,,,16.3,0,0,,0,0,,,,,,,
5/6/2023,394,Chamita,New Mexico,35.1,30.4,59.9,45.1,,,,,,,,,,,,,,,,,16.3,0,0,,0,0,,,,,,,
5/7/2023,394,Chamita,New Mexico,37.8,33.3,61.2,46.6,,,,,,,,,,,,,,,,,16.3,0,0,,0,0,,,,,,,
5/8/2023,394,Chamita,New Mexico,38.3,34.7,65.3,49.3,,,,,,,,,,,,,,,,,16.3,0,0,,0,0,,,,,,,
5/9/2023,394,Chamita,New Mexico,39.6,34.7,67.3,50.5,,,,,,,,,,,,,,,,,16.3,0,0,,0,0,,,,,,,
5/10/2023,394,Chamita,New Mexico,40.6,35.4,64,47.5,,,,,,,,,,,,,,,,,16.3,0,0,,0,0,,,,,,,
5/11/2023,394,Chamita,New Mexico,37.8,34.5,56.7,43.9,,,,,,,,,,,,,,,,,16.3,0,0,,0,0,,,,,,,
5/12/2023,394,Chamita,New Mexico,40.6,33.4,64.9,49.1,,,,,,,,,,,,,,,,,16.4,0,0,,0,0,,,,,,,
5/13/2023,394,Chamita,New Mexico,44.6,41,59.5,48,,,,,,,,,,,,,,,,,16.4,0,0,,0,0,,,,,,,
5/14/2023,394,Chamita,New Mexico,41.4,40.1,61.2,47.8,,,,,,,,,,,,,,,,,16.7,0,0,,0,0,,,,,,,
5/15/2023,394,Chamita,New Mexico,43.2,42.6,63.3,50,,,,,,,,,,,,,,,,,17.3,0,0,,0,0,,,,,,,
